100
0.000000
0.000277
0.000622
0.001039
0.001535
0.002116
0.002789
0.003558
0.004430
0.005411
0.006506
0.007720
0.009060
0.010531
0.012138
0.013886
0.015780
0.017827
0.020030
0.022395
0.024926
0.027629
0.030508
0.033567
0.036812
0.040247
0.043875
0.047702
0.051730
0.055966
0.060411
0.065071
0.069948
0.075047
0.080370
0.085922
0.091706
0.097724
0.103980
0.110477
0.117218
0.124204
0.131440
0.138927
0.146667
0.154664
0.162918
0.171433
0.180209
0.189249
0.198554
0.208125
0.217965
0.228074
0.238453
0.249103
0.260025
0.271221
0.282689
0.294432
0.306448
0.318739
0.331305
0.344144
0.357258
0.370646
0.384307
0.398241
0.412447
0.426924
0.441671
0.456688
0.471973
0.487524
0.503340
0.519420
0.535762
0.552364
0.569223
0.586339
0.603709
0.621330
0.639200
0.657316
0.675676
0.694278
0.713117
0.732192
0.751498
0.771033
0.790794
0.810777
0.830978
0.851395
0.872022
0.892857
0.913895
0.935133
0.956565
0.978189
1.000000
0.000000
0.002799
0.005889
0.009266
0.012926
0.016864
0.021079
0.025566
0.030322
0.035344
0.040628
0.046171
0.051970
0.058021
0.064320
0.070864
0.077649
0.084672
0.091929
0.099416
0.107128
0.115062
0.123214
0.131579
0.140154
0.148933
0.157913
0.167089
0.176456
0.186010
0.195745
0.205658
0.215743
0.225995
0.236409
0.246981
0.257704
0.268575
0.279586
0.290734
0.302013
0.313417
0.324940
0.336578
0.348325
0.360175
0.372122
0.384161
0.396286
0.408490
0.420770
0.433117
0.445527
0.457994
0.470512
0.483074
0.495675
0.508310
0.520971
0.533653
0.546350
0.559056
0.571765
0.584471
0.597168
0.609850
0.622510
0.635145
0.647746
0.660308
0.672826
0.685293
0.697704
0.710053
0.722334
0.734541
0.746669
0.758712
0.770664
0.782519
0.794273
0.805920
0.817454
0.828870
0.840163
0.851327
0.862357
0.873249
0.883996
0.894595
0.905039
0.915325
0.925448
0.935402
0.945184
0.954788
0.964211
0.973448
0.982494
0.991346
1.000000

