100
0.000000
0.000100
0.000400
0.000900
0.001600
0.002500
0.003600
0.004900
0.006400
0.008100
0.010000
0.012100
0.014400
0.016900
0.019600
0.022500
0.025600
0.028900
0.032400
0.036100
0.040000
0.044100
0.048400
0.052900
0.057600
0.062500
0.067600
0.072900
0.078400
0.084100
0.090000
0.096100
0.102400
0.108900
0.115600
0.122500
0.129600
0.136900
0.144400
0.152100
0.160000
0.168100
0.176400
0.184900
0.193600
0.202500
0.211600
0.220900
0.230400
0.240100
0.250000
0.260100
0.270400
0.280900
0.291600
0.302500
0.313600
0.324900
0.336400
0.348100
0.360000
0.372100
0.384400
0.396900
0.409600
0.422500
0.435600
0.448900
0.462400
0.476100
0.490000
0.504100
0.518400
0.532900
0.547600
0.562500
0.577600
0.592900
0.608400
0.624100
0.640000
0.656100
0.672400
0.688900
0.705600
0.722500
0.739600
0.756900
0.774400
0.792100
0.810000
0.828100
0.846400
0.864900
0.883600
0.902500
0.921600
0.940900
0.960400
0.980100
1.000000
0.000000
0.072631
0.078069
0.083697
0.089516
0.095526
0.101725
0.108113
0.114689
0.121449
0.128392
0.135515
0.142815
0.150288
0.157931
0.165740
0.173712
0.181843
0.190128
0.198563
0.207145
0.215869
0.224730
0.233725
0.242848
0.252096
0.261465
0.270949
0.280545
0.290247
0.300052
0.309956
0.319953
0.330040
0.340212
0.350464
0.360794
0.371195
0.381665
0.392198
0.402791
0.413439
0.424138
0.434885
0.445674
0.456502
0.467365
0.478259
0.489179
0.500122
0.511084
0.522061
0.533048
0.544043
0.555040
0.566037
0.577029
0.588013
0.598984
0.609939
0.620875
0.631786
0.642671
0.653524
0.664342
0.675122
0.685860
0.696551
0.707194
0.717783
0.728315
0.738787
0.749195
0.759535
0.769803
0.779997
0.790112
0.800145
0.810093
0.819951
0.829717
0.839386
0.848955
0.858420
0.867778
0.877026
0.886159
0.895174
0.904068
0.912837
0.921477
0.929985
0.938357
0.946589
0.954678
0.962620
0.970412
0.978049
0.985529
0.992847
1.000000
