500
0.000000
0.000004
0.000016
0.000036
0.000064
0.000100
0.000144
0.000196
0.000256
0.000324
0.000400
0.000484
0.000576
0.000676
0.000784
0.000900
0.001024
0.001156
0.001296
0.001444
0.001600
0.001764
0.001936
0.002116
0.002304
0.002500
0.002704
0.002916
0.003136
0.003364
0.003600
0.003844
0.004096
0.004356
0.004624
0.004900
0.005184
0.005476
0.005776
0.006084
0.006400
0.006724
0.007056
0.007396
0.007744
0.008100
0.008464
0.008836
0.009216
0.009604
0.010000
0.010404
0.010816
0.011236
0.011664
0.012100
0.012544
0.012996
0.013456
0.013924
0.014400
0.014884
0.015376
0.015876
0.016384
0.016900
0.017424
0.017956
0.018496
0.019044
0.019600
0.020164
0.020736
0.021316
0.021904
0.022500
0.023104
0.023716
0.024336
0.024964
0.025600
0.026244
0.026896
0.027556
0.028224
0.028900
0.029584
0.030276
0.030976
0.031684
0.032400
0.033124
0.033856
0.034596
0.035344
0.036100
0.036864
0.037636
0.038416
0.039204
0.040000
0.040804
0.041616
0.042436
0.043264
0.044100
0.044944
0.045796
0.046656
0.047524
0.048400
0.049284
0.050176
0.051076
0.051984
0.052900
0.053824
0.054756
0.055696
0.056644
0.057600
0.058564
0.059536
0.060516
0.061504
0.062500
0.063504
0.064516
0.065536
0.066564
0.067600
0.068644
0.069696
0.070756
0.071824
0.072900
0.073984
0.075076
0.076176
0.077284
0.078400
0.079524
0.080656
0.081796
0.082944
0.084100
0.085264
0.086436
0.087616
0.088804
0.090000
0.091204
0.092416
0.093636
0.094864
0.096100
0.097344
0.098596
0.099856
0.101124
0.102400
0.103684
0.104976
0.106276
0.107584
0.108900
0.110224
0.111556
0.112896
0.114244
0.115600
0.116964
0.118336
0.119716
0.121104
0.122500
0.123904
0.125316
0.126736
0.128164
0.129600
0.131044
0.132496
0.133956
0.135424
0.136900
0.138384
0.139876
0.141376
0.142884
0.144400
0.145924
0.147456
0.148996
0.150544
0.152100
0.153664
0.155236
0.156816
0.158404
0.160000
0.161604
0.163216
0.164836
0.166464
0.168100
0.169744
0.171396
0.173056
0.174724
0.176400
0.178084
0.179776
0.181476
0.183184
0.184900
0.186624
0.188356
0.190096
0.191844
0.193600
0.195364
0.197136
0.198916
0.200704
0.202500
0.204304
0.206116
0.207936
0.209764
0.211600
0.213444
0.215296
0.217156
0.219024
0.220900
0.222784
0.224676
0.226576
0.228484
0.230400
0.232324
0.234256
0.236196
0.238144
0.240100
0.242064
0.244036
0.246016
0.248004
0.250000
0.252004
0.254016
0.256036
0.258064
0.260100
0.262144
0.264196
0.266256
0.268324
0.270400
0.272484
0.274576
0.276676
0.278784
0.280900
0.283024
0.285156
0.287296
0.289444
0.291600
0.293764
0.295936
0.298116
0.300304
0.302500
0.304704
0.306916
0.309136
0.311364
0.313600
0.315844
0.318096
0.320356
0.322624
0.324900
0.327184
0.329476
0.331776
0.334084
0.336400
0.338724
0.341056
0.343396
0.345744
0.348100
0.350464
0.352836
0.355216
0.357604
0.360000
0.362404
0.364816
0.367236
0.369664
0.372100
0.374544
0.376996
0.379456
0.381924
0.384400
0.386884
0.389376
0.391876
0.394384
0.396900
0.399424
0.401956
0.404496
0.407044
0.409600
0.412164
0.414736
0.417316
0.419904
0.422500
0.425104
0.427716
0.430336
0.432964
0.435600
0.438244
0.440896
0.443556
0.446224
0.448900
0.451584
0.454276
0.456976
0.459684
0.462400
0.465124
0.467856
0.470596
0.473344
0.476100
0.478864
0.481636
0.484416
0.487204
0.490000
0.492804
0.495616
0.498436
0.501264
0.504100
0.506944
0.509796
0.512656
0.515524
0.518400
0.521284
0.524176
0.527076
0.529984
0.532900
0.535824
0.538756
0.541696
0.544644
0.547600
0.550564
0.553536
0.556516
0.559504
0.562500
0.565504
0.568516
0.571536
0.574564
0.577600
0.580644
0.583696
0.586756
0.589824
0.592900
0.595984
0.599076
0.602176
0.605284
0.608400
0.611524
0.614656
0.617796
0.620944
0.624100
0.627264
0.630436
0.633616
0.636804
0.640000
0.643204
0.646416
0.649636
0.652864
0.656100
0.659344
0.662596
0.665856
0.669124
0.672400
0.675684
0.678976
0.682276
0.685584
0.688900
0.692224
0.695556
0.698896
0.702244
0.705600
0.708964
0.712336
0.715716
0.719104
0.722500
0.725904
0.729316
0.732736
0.736164
0.739600
0.743044
0.746496
0.749956
0.753424
0.756900
0.760384
0.763876
0.767376
0.770884
0.774400
0.777924
0.781456
0.784996
0.788544
0.792100
0.795664
0.799236
0.802816
0.806404
0.810000
0.813604
0.817216
0.820836
0.824464
0.828100
0.831744
0.835396
0.839056
0.842724
0.846400
0.850084
0.853776
0.857476
0.861184
0.864900
0.868624
0.872356
0.876096
0.879844
0.883600
0.887364
0.891136
0.894916
0.898704
0.902500
0.906304
0.910116
0.913936
0.917764
0.921600
0.925444
0.929296
0.933156
0.937024
0.940900
0.944784
0.948676
0.952576
0.956484
0.960400
0.964324
0.968256
0.972196
0.976144
0.980100
0.984064
0.988036
0.992016
0.996004
1.000000
0.000000
0.000228
0.000477
0.000747
0.001037
0.001347
0.001677
0.002027
0.002396
0.002784
0.003191
0.003618
0.004062
0.004526
0.005007
0.005507
0.006024
0.006560
0.007112
0.007682
0.008270
0.008874
0.009495
0.010133
0.010788
0.011458
0.012146
0.012849
0.013568
0.014303
0.015054
0.015821
0.016603
0.017400
0.018212
0.019040
0.019882
0.020740
0.021612
0.022498
0.023400
0.024315
0.025245
0.026189
0.027147
0.028119
0.029104
0.030104
0.031117
0.032143
0.033183
0.034237
0.035303
0.036383
0.037476
0.038581
0.039700
0.040831
0.041975
0.043131
0.044300
0.045481
0.046675
0.047880
0.049098
0.050328
0.051570
0.052824
0.054089
0.055367
0.056655
0.057956
0.059268
0.060591
0.061925
0.063271
0.064628
0.065996
0.067375
0.068765
0.070165
0.071577
0.072999
0.074431
0.075875
0.077328
0.078793
0.080267
0.081752
0.083247
0.084752
0.086267
0.087792
0.089327
0.090872
0.092426
0.093991
0.095565
0.097148
0.098741
0.100344
0.101955
0.103577
0.105207
0.106847
0.108495
0.110153
0.111820
0.113496
0.115180
0.116874
0.118576
0.120287
0.122006
0.123734
0.125471
0.127216
0.128969
0.130731
0.132501
0.134279
0.136066
0.137860
0.139663
0.141473
0.143292
0.145118
0.146952
0.148794
0.150644
0.152501
0.154366
0.156238
0.158118
0.160005
0.161900
0.163802
0.165711
0.167628
0.169551
0.171482
0.173420
0.175365
0.177317
0.179275
0.181241
0.183213
0.185192
0.187178
0.189170
0.191169
0.193175
0.195187
0.197205
0.199230
0.201261
0.203299
0.205342
0.207392
0.209448
0.211510
0.213578
0.215653
0.217733
0.219819
0.221911
0.224008
0.226112
0.228221
0.230335
0.232456
0.234582
0.236713
0.238850
0.240992
0.243140
0.245293
0.247452
0.249615
0.251784
0.253958
0.256137
0.258321
0.260510
0.262704
0.264903
0.267107
0.269316
0.271529
0.273747
0.275970
0.278198
0.280430
0.282667
0.284908
0.287154
0.289404
0.291658
0.293917
0.296180
0.298448
0.300719
0.302995
0.305275
0.307559
0.309847
0.312140
0.314436
0.316736
0.319039
0.321347
0.323659
0.325974
0.328293
0.330615
0.332942
0.335271
0.337605
0.339942
0.342282
0.344626
0.346973
0.349323
0.351677
0.354034
0.356394
0.358758
0.361124
0.363494
0.365866
0.368242
0.370621
0.373002
0.375387
0.377774
0.380164
0.382557
0.384953
0.387351
0.389752
0.392156
0.394562
0.396971
0.399382
0.401796
0.404212
0.406630
0.409051
0.411474
0.413900
0.416328
0.418757
0.421189
0.423624
0.426060
0.428498
0.430938
0.433380
0.435824
0.438270
0.440718
0.443168
0.445619
0.448072
0.450527
0.452984
0.455442
0.457902
0.460363
0.462826
0.465290
0.467755
0.470222
0.472691
0.475161
0.477632
0.480104
0.482577
0.485052
0.487528
0.490005
0.492483
0.494962
0.497442
0.499923
0.502405
0.504888
0.507371
0.509856
0.512341
0.514827
0.517313
0.519801
0.522289
0.524777
0.527266
0.529756
0.532246
0.534737
0.537228
0.539719
0.542211
0.544703
0.547195
0.549688
0.552181
0.554674
0.557167
0.559660
0.562153
0.564647
0.567140
0.569633
0.572126
0.574619
0.577112
0.579605
0.582098
0.584590
0.587082
0.589574
0.592065
0.594556
0.597046
0.599537
0.602026
0.604515
0.607004
0.609492
0.611979
0.614466
0.616951
0.619437
0.621921
0.624405
0.626888
0.629369
0.631851
0.634331
0.636810
0.639288
0.641765
0.644241
0.646716
0.649190
0.651662
0.654134
0.656604
0.659073
0.661540
0.664007
0.666472
0.668935
0.671397
0.673858
0.676317
0.678774
0.681230
0.683684
0.686137
0.688588
0.691038
0.693485
0.695931
0.698375
0.700817
0.703257
0.705696
0.708132
0.710567
0.712999
0.715429
0.717858
0.720284
0.722708
0.725130
0.727550
0.729967
0.732383
0.734796
0.737206
0.739614
0.742020
0.744424
0.746825
0.749223
0.751619
0.754012
0.756403
0.758791
0.761177
0.763559
0.765939
0.768317
0.770691
0.773063
0.775432
0.777797
0.780160
0.782521
0.784878
0.787232
0.789583
0.791931
0.794275
0.796617
0.798955
0.801291
0.803623
0.805951
0.808277
0.810599
0.812918
0.815233
0.817545
0.819853
0.822158
0.824459
0.826757
0.829051
0.831342
0.833629
0.835912
0.838192
0.840467
0.842739
0.845007
0.847272
0.849532
0.851788
0.854041
0.856289
0.858534
0.860774
0.863011
0.865243
0.867471
0.869695
0.871915
0.874130
0.876342
0.878549
0.880751
0.882949
0.885143
0.887333
0.889518
0.891698
0.893874
0.896045
0.898212
0.900374
0.902532
0.904685
0.906833
0.908976
0.911115
0.913248
0.915377
0.917501
0.919621
0.921735
0.923844
0.925948
0.928048
0.930142
0.932231
0.934315
0.936393
0.938467
0.940535
0.942598
0.944656
0.946709
0.948756
0.950798
0.952834
0.954865
0.956890
0.958910
0.960925
0.962933
0.964937
0.966934
0.968926
0.970912
0.972893
0.974868
0.976836
0.978800
0.980757
0.982708
0.984654
0.986593
0.988526
0.990454
0.992375
0.994291
0.996200
0.998103
1.000000