100
0.000000
0.000935
0.002262
0.003895
0.005789
0.007916
0.010257
0.012797
0.015525
0.018432
0.021511
0.024756
0.028161
0.031722
0.035436
0.039299
0.043309
0.047464
0.051761
0.056198
0.060774
0.065488
0.070339
0.075326
0.080447
0.085703
0.091093
0.096617
0.102274
0.108064
0.113988
0.120045
0.126235
0.132560
0.139019
0.145613
0.152342
0.159208
0.166210
0.173351
0.180630
0.188048
0.195608
0.203309
0.211154
0.219144
0.227279
0.235563
0.243996
0.252580
0.261317
0.270209
0.279259
0.288468
0.297839
0.307373
0.317075
0.326946
0.336990
0.347209
0.357607
0.368187
0.378952
0.389907
0.401055
0.412401
0.423948
0.435702
0.447667
0.459849
0.472253
0.484885
0.497750
0.510857
0.524211
0.537820
0.551691
0.565834
0.580257
0.594969
0.609982
0.625305
0.640951
0.656933
0.673263
0.689958
0.707033
0.724506
0.742396
0.760723
0.779511
0.798784
0.818572
0.838904
0.859815
0.881344
0.903534
0.926434
0.950100
0.974597
1.000000
0.000000
0.010000
0.020000
0.030000
0.040000
0.050000
0.060000
0.070000
0.080000
0.090000
0.100000
0.110000
0.120000
0.130000
0.140000
0.150000
0.160000
0.170000
0.180000
0.190000
0.200000
0.210000
0.220000
0.230000
0.240000
0.250000
0.260000
0.270000
0.280000
0.290000
0.300000
0.310000
0.320000
0.330000
0.340000
0.350000
0.360000
0.370000
0.380000
0.390000
0.400000
0.410000
0.420000
0.430000
0.440000
0.450000
0.460000
0.470000
0.480000
0.490000
0.500000
0.510000
0.520000
0.530000
0.540000
0.550000
0.560000
0.570000
0.580000
0.590000
0.600000
0.610000
0.620000
0.630000
0.640000
0.650000
0.660000
0.670000
0.680000
0.690000
0.700000
0.710000
0.720000
0.730000
0.740000
0.750000
0.760000
0.770000
0.780000
0.790000
0.800000
0.810000
0.820000
0.830000
0.840000
0.850000
0.860000
0.870000
0.880000
0.890000
0.900000
0.910000
0.920000
0.930000
0.940000
0.950000
0.960000
0.970000
0.980000
0.990000
1.000000
