500
0.000000
0.000084
0.000202
0.000347
0.000514
0.000702
0.000907
0.001130
0.001368
0.001620
0.001886
0.002166
0.002458
0.002763
0.003079
0.003407
0.003745
0.004095
0.004455
0.004825
0.005205
0.005595
0.005994
0.006403
0.006821
0.007247
0.007683
0.008128
0.008581
0.009042
0.009512
0.009990
0.010476
0.010970
0.011472
0.011981
0.012499
0.013024
0.013556
0.014097
0.014644
0.015199
0.015761
0.016330
0.016906
0.017490
0.018080
0.018678
0.019282
0.019893
0.020511
0.021135
0.021767
0.022405
0.023049
0.023701
0.024358
0.025022
0.025693
0.026370
0.027054
0.027743
0.028439
0.029142
0.029850
0.030565
0.031286
0.032013
0.032747
0.033486
0.034232
0.034983
0.035741
0.036504
0.037274
0.038049
0.038831
0.039618
0.040411
0.041210
0.042015
0.042826
0.043643
0.044465
0.045293
0.046127
0.046967
0.047813
0.048664
0.049521
0.050383
0.051252
0.052126
0.053005
0.053890
0.054781
0.055678
0.056580
0.057487
0.058400
0.059319
0.060244
0.061174
0.062109
0.063050
0.063996
0.064948
0.065906
0.066869
0.067837
0.068811
0.069791
0.070776
0.071766
0.072762
0.073763
0.074770
0.075782
0.076800
0.077823
0.078851
0.079885
0.080924
0.081969
0.083019
0.084074
0.085135
0.086201
0.087273
0.088350
0.089432
0.090520
0.091613
0.092712
0.093816
0.094925
0.096040
0.097160
0.098285
0.099416
0.100552
0.101694
0.102840
0.103993
0.105150
0.106313
0.107482
0.108655
0.109834
0.111019
0.112209
0.113404
0.114604
0.115810
0.117022
0.118238
0.119460
0.120688
0.121920
0.123159
0.124402
0.125651
0.126906
0.128165
0.129431
0.130701
0.131977
0.133258
0.134545
0.135837
0.137135
0.138438
0.139747
0.141061
0.142380
0.143705
0.145035
0.146371
0.147712
0.149058
0.150411
0.151768
0.153131
0.154500
0.155874
0.157253
0.158638
0.160029
0.161425
0.162826
0.164234
0.165646
0.167064
0.168488
0.169918
0.171352
0.172793
0.174239
0.175691
0.177148
0.178611
0.180079
0.181553
0.183033
0.184518
0.186010
0.187506
0.189009
0.190517
0.192030
0.193550
0.195075
0.196606
0.198143
0.199685
0.201233
0.202787
0.204346
0.205912
0.207483
0.209060
0.210643
0.212232
0.213826
0.215427
0.217033
0.218645
0.220263
0.221887
0.223517
0.225152
0.226794
0.228442
0.230095
0.231755
0.233421
0.235092
0.236770
0.238453
0.240143
0.241839
0.243541
0.245249
0.246963
0.248683
0.250409
0.252142
0.253880
0.255625
0.257376
0.259134
0.260897
0.262667
0.264443
0.266225
0.268014
0.269809
0.271610
0.273418
0.275232
0.277052
0.278879
0.280712
0.282552
0.284398
0.286250
0.288109
0.289975
0.291847
0.293726
0.295611
0.297503
0.299402
0.301307
0.303219
0.305138
0.307063
0.308995
0.310934
0.312879
0.314832
0.316791
0.318757
0.320730
0.322709
0.324696
0.326690
0.328690
0.330698
0.332712
0.334734
0.336763
0.338798
0.340841
0.342891
0.344948
0.347013
0.349084
0.351163
0.353249
0.355342
0.357443
0.359551
0.361667
0.363789
0.365920
0.368057
0.370203
0.372355
0.374516
0.376684
0.378859
0.381042
0.383233
0.385432
0.387638
0.389852
0.392074
0.394304
0.396542
0.398787
0.401041
0.403302
0.405572
0.407849
0.410135
0.412429
0.414731
0.417041
0.419359
0.421686
0.424021
0.426364
0.428716
0.431076
0.433445
0.435822
0.438208
0.440602
0.443005
0.445417
0.447837
0.450266
0.452704
0.455151
0.457607
0.460071
0.462545
0.465028
0.467519
0.470020
0.472530
0.475050
0.477578
0.480116
0.482664
0.485220
0.487787
0.490362
0.492948
0.495543
0.498147
0.500762
0.503386
0.506020
0.508664
0.511318
0.513982
0.516657
0.519341
0.522036
0.524740
0.527456
0.530181
0.532917
0.535664
0.538421
0.541189
0.543968
0.546757
0.549557
0.552368
0.555191
0.558024
0.560869
0.563724
0.566591
0.569470
0.572360
0.575261
0.578174
0.581099
0.584035
0.586984
0.589944
0.592916
0.595901
0.598897
0.601906
0.604928
0.607961
0.611008
0.614067
0.617139
0.620223
0.623321
0.626432
0.629555
0.632692
0.635843
0.639007
0.642184
0.645375
0.648580
0.651799
0.655031
0.658278
0.661540
0.664815
0.668105
0.671410
0.674729
0.678063
0.681413
0.684777
0.688157
0.691552
0.694962
0.698388
0.701830
0.705288
0.708763
0.712253
0.715760
0.719283
0.722823
0.726380
0.729954
0.733546
0.737155
0.740781
0.744425
0.748087
0.751767
0.755466
0.759183
0.762918
0.766673
0.770446
0.774239
0.778052
0.781884
0.785736
0.789609
0.793502
0.797415
0.801349
0.805305
0.809282
0.813280
0.817300
0.821343
0.825408
0.829496
0.833606
0.837740
0.841898
0.846079
0.850285
0.854515
0.858770
0.863050
0.867356
0.871688
0.876045
0.880430
0.884841
0.889280
0.893747
0.898241
0.902765
0.907317
0.911899
0.916511
0.921153
0.925826
0.930531
0.935267
0.940036
0.944837
0.949672
0.954542
0.959445
0.964384
0.969359
0.974371
0.979420
0.984506
0.989631
0.994796
1.000000
0.000000
0.002000
0.004000
0.006000
0.008000
0.010000
0.012000
0.014000
0.016000
0.018000
0.020000
0.022000
0.024000
0.026000
0.028000
0.030000
0.032000
0.034000
0.036000
0.038000
0.040000
0.042000
0.044000
0.046000
0.048000
0.050000
0.052000
0.054000
0.056000
0.058000
0.060000
0.062000
0.064000
0.066000
0.068000
0.070000
0.072000
0.074000
0.076000
0.078000
0.080000
0.082000
0.084000
0.086000
0.088000
0.090000
0.092000
0.094000
0.096000
0.098000
0.100000
0.102000
0.104000
0.106000
0.108000
0.110000
0.112000
0.114000
0.116000
0.118000
0.120000
0.122000
0.124000
0.126000
0.128000
0.130000
0.132000
0.134000
0.136000
0.138000
0.140000
0.142000
0.144000
0.146000
0.148000
0.150000
0.152000
0.154000
0.156000
0.158000
0.160000
0.162000
0.164000
0.166000
0.168000
0.170000
0.172000
0.174000
0.176000
0.178000
0.180000
0.182000
0.184000
0.186000
0.188000
0.190000
0.192000
0.194000
0.196000
0.198000
0.200000
0.202000
0.204000
0.206000
0.208000
0.210000
0.212000
0.214000
0.216000
0.218000
0.220000
0.222000
0.224000
0.226000
0.228000
0.230000
0.232000
0.234000
0.236000
0.238000
0.240000
0.242000
0.244000
0.246000
0.248000
0.250000
0.252000
0.254000
0.256000
0.258000
0.260000
0.262000
0.264000
0.266000
0.268000
0.270000
0.272000
0.274000
0.276000
0.278000
0.280000
0.282000
0.284000
0.286000
0.288000
0.290000
0.292000
0.294000
0.296000
0.298000
0.300000
0.302000
0.304000
0.306000
0.308000
0.310000
0.312000
0.314000
0.316000
0.318000
0.320000
0.322000
0.324000
0.326000
0.328000
0.330000
0.332000
0.334000
0.336000
0.338000
0.340000
0.342000
0.344000
0.346000
0.348000
0.350000
0.352000
0.354000
0.356000
0.358000
0.360000
0.362000
0.364000
0.366000
0.368000
0.370000
0.372000
0.374000
0.376000
0.378000
0.380000
0.382000
0.384000
0.386000
0.388000
0.390000
0.392000
0.394000
0.396000
0.398000
0.400000
0.402000
0.404000
0.406000
0.408000
0.410000
0.412000
0.414000
0.416000
0.418000
0.420000
0.422000
0.424000
0.426000
0.428000
0.430000
0.432000
0.434000
0.436000
0.438000
0.440000
0.442000
0.444000
0.446000
0.448000
0.450000
0.452000
0.454000
0.456000
0.458000
0.460000
0.462000
0.464000
0.466000
0.468000
0.470000
0.472000
0.474000
0.476000
0.478000
0.480000
0.482000
0.484000
0.486000
0.488000
0.490000
0.492000
0.494000
0.496000
0.498000
0.500000
0.502000
0.504000
0.506000
0.508000
0.510000
0.512000
0.514000
0.516000
0.518000
0.520000
0.522000
0.524000
0.526000
0.528000
0.530000
0.532000
0.534000
0.536000
0.538000
0.540000
0.542000
0.544000
0.546000
0.548000
0.550000
0.552000
0.554000
0.556000
0.558000
0.560000
0.562000
0.564000
0.566000
0.568000
0.570000
0.572000
0.574000
0.576000
0.578000
0.580000
0.582000
0.584000
0.586000
0.588000
0.590000
0.592000
0.594000
0.596000
0.598000
0.600000
0.602000
0.604000
0.606000
0.608000
0.610000
0.612000
0.614000
0.616000
0.618000
0.620000
0.622000
0.624000
0.626000
0.628000
0.630000
0.632000
0.634000
0.636000
0.638000
0.640000
0.642000
0.644000
0.646000
0.648000
0.650000
0.652000
0.654000
0.656000
0.658000
0.660000
0.662000
0.664000
0.666000
0.668000
0.670000
0.672000
0.674000
0.676000
0.678000
0.680000
0.682000
0.684000
0.686000
0.688000
0.690000
0.692000
0.694000
0.696000
0.698000
0.700000
0.702000
0.704000
0.706000
0.708000
0.710000
0.712000
0.714000
0.716000
0.718000
0.720000
0.722000
0.724000
0.726000
0.728000
0.730000
0.732000
0.734000
0.736000
0.738000
0.740000
0.742000
0.744000
0.746000
0.748000
0.750000
0.752000
0.754000
0.756000
0.758000
0.760000
0.762000
0.764000
0.766000
0.768000
0.770000
0.772000
0.774000
0.776000
0.778000
0.780000
0.782000
0.784000
0.786000
0.788000
0.790000
0.792000
0.794000
0.796000
0.798000
0.800000
0.802000
0.804000
0.806000
0.808000
0.810000
0.812000
0.814000
0.816000
0.818000
0.820000
0.822000
0.824000
0.826000
0.828000
0.830000
0.832000
0.834000
0.836000
0.838000
0.840000
0.842000
0.844000
0.846000
0.848000
0.850000
0.852000
0.854000
0.856000
0.858000
0.860000
0.862000
0.864000
0.866000
0.868000
0.870000
0.872000
0.874000
0.876000
0.878000
0.880000
0.882000
0.884000
0.886000
0.888000
0.890000
0.892000
0.894000
0.896000
0.898000
0.900000
0.902000
0.904000
0.906000
0.908000
0.910000
0.912000
0.914000
0.916000
0.918000
0.920000
0.922000
0.924000
0.926000
0.928000
0.930000
0.932000
0.934000
0.936000
0.938000
0.940000
0.942000
0.944000
0.946000
0.948000
0.950000
0.952000
0.954000
0.956000
0.958000
0.960000
0.962000
0.964000
0.966000
0.968000
0.970000
0.972000
0.974000
0.976000
0.978000
0.980000
0.982000
0.984000
0.986000
0.988000
0.990000
0.992000
0.994000
0.996000
0.998000
1.000000