500
0.000000
0.000046
0.000095
0.000145
0.000198
0.000253
0.000311
0.000371
0.000434
0.000499
0.000567
0.000638
0.000711
0.000787
0.000865
0.000947
0.001032
0.001119
0.001209
0.001303
0.001399
0.001499
0.001602
0.001708
0.001818
0.001930
0.002047
0.002166
0.002289
0.002416
0.002546
0.002680
0.002817
0.002958
0.003103
0.003252
0.003405
0.003561
0.003722
0.003886
0.004055
0.004227
0.004404
0.004585
0.004770
0.004960
0.005153
0.005352
0.005554
0.005761
0.005973
0.006189
0.006410
0.006635
0.006865
0.007100
0.007339
0.007584
0.007833
0.008087
0.008347
0.008611
0.008880
0.009155
0.009434
0.009719
0.010009
0.010304
0.010605
0.010911
0.011222
0.011539
0.011861
0.012189
0.012522
0.012862
0.013206
0.013557
0.013913
0.014275
0.014643
0.015017
0.015396
0.015782
0.016174
0.016572
0.016976
0.017386
0.017802
0.018224
0.018653
0.019088
0.019529
0.019977
0.020431
0.020892
0.021359
0.021833
0.022313
0.022800
0.023294
0.023795
0.024302
0.024816
0.025337
0.025864
0.026399
0.026941
0.027489
0.028045
0.028607
0.029177
0.029754
0.030338
0.030930
0.031529
0.032135
0.032748
0.033369
0.033997
0.034632
0.035275
0.035926
0.036584
0.037250
0.037924
0.038605
0.039294
0.039990
0.040695
0.041407
0.042127
0.042855
0.043591
0.044335
0.045087
0.045847
0.046615
0.047391
0.048175
0.048968
0.049768
0.050577
0.051395
0.052220
0.053054
0.053896
0.054747
0.055606
0.056474
0.057350
0.058235
0.059128
0.060030
0.060941
0.061860
0.062788
0.063725
0.064670
0.065624
0.066588
0.067560
0.068540
0.069530
0.070529
0.071537
0.072554
0.073579
0.074614
0.075658
0.076712
0.077774
0.078846
0.079926
0.081016
0.082116
0.083224
0.084342
0.085470
0.086606
0.087753
0.088908
0.090073
0.091248
0.092432
0.093626
0.094829
0.096042
0.097264
0.098497
0.099739
0.100990
0.102252
0.103523
0.104804
0.106094
0.107395
0.108705
0.110026
0.111356
0.112696
0.114046
0.115406
0.116777
0.118157
0.119547
0.120947
0.122358
0.123778
0.125209
0.126650
0.128101
0.129562
0.131034
0.132515
0.134007
0.135510
0.137022
0.138545
0.140078
0.141622
0.143176
0.144741
0.146316
0.147901
0.149497
0.151103
0.152720
0.154347
0.155985
0.157634
0.159293
0.160962
0.162643
0.164334
0.166035
0.167747
0.169470
0.171204
0.172948
0.174703
0.176469
0.178246
0.180033
0.181831
0.183640
0.185460
0.187290
0.189132
0.190984
0.192847
0.194721
0.196606
0.198502
0.200409
0.202326
0.204255
0.206195
0.208145
0.210107
0.212080
0.214063
0.216058
0.218064
0.220080
0.222108
0.224147
0.226197
0.228258
0.230330
0.232413
0.234508
0.236613
0.238730
0.240858
0.242996
0.245147
0.247308
0.249480
0.251664
0.253858
0.256064
0.258282
0.260510
0.262749
0.265000
0.267262
0.269536
0.271820
0.274116
0.276423
0.278741
0.281070
0.283411
0.285763
0.288127
0.290501
0.292887
0.295284
0.297692
0.300112
0.302543
0.304985
0.307439
0.309904
0.312380
0.314867
0.317366
0.319876
0.322398
0.324930
0.327474
0.330030
0.332596
0.335174
0.337763
0.340364
0.342975
0.345599
0.348233
0.350879
0.353536
0.356204
0.358883
0.361574
0.364277
0.366990
0.369715
0.372451
0.375198
0.377956
0.380726
0.383507
0.386300
0.389103
0.391918
0.394744
0.397581
0.400430
0.403290
0.406161
0.409043
0.411936
0.414841
0.417757
0.420684
0.423622
0.426571
0.429532
0.432504
0.435487
0.438480
0.441486
0.444502
0.447529
0.450568
0.453617
0.456678
0.459750
0.462832
0.465926
0.469031
0.472147
0.475274
0.478412
0.481561
0.484721
0.487892
0.491074
0.494267
0.497471
0.500686
0.503911
0.507148
0.510395
0.513654
0.516923
0.520203
0.523494
0.526796
0.530108
0.533432
0.536766
0.540111
0.543466
0.546833
0.550210
0.553598
0.556996
0.560405
0.563825
0.567256
0.570697
0.574148
0.577611
0.581083
0.584567
0.588061
0.591565
0.595080
0.598605
0.602141
0.605688
0.609244
0.612811
0.616389
0.619977
0.623575
0.627183
0.630802
0.634431
0.638071
0.641720
0.645380
0.649050
0.652730
0.656421
0.660121
0.663832
0.667552
0.671283
0.675024
0.678775
0.682535
0.686306
0.690087
0.693877
0.697678
0.701488
0.705308
0.709139
0.712978
0.716828
0.720687
0.724557
0.728435
0.732324
0.736222
0.740130
0.744047
0.747974
0.751910
0.755856
0.759812
0.763777
0.767751
0.771735
0.775728
0.779731
0.783743
0.787764
0.791794
0.795834
0.799883
0.803941
0.808008
0.812084
0.816170
0.820264
0.824368
0.828480
0.832602
0.836732
0.840872
0.845020
0.849177
0.853343
0.857517
0.861701
0.865893
0.870094
0.874304
0.878522
0.882749
0.886984
0.891228
0.895480
0.899741
0.904010
0.908288
0.912574
0.916868
0.921171
0.925482
0.929801
0.934129
0.938464
0.942808
0.947160
0.951520
0.955888
0.960263
0.964647
0.969039
0.973439
0.977846
0.982261
0.986684
0.991115
0.995554
1.000000
0.000000
0.000490
0.000992
0.001504
0.002029
0.002564
0.003110
0.003668
0.004237
0.004818
0.005409
0.006012
0.006626
0.007251
0.007887
0.008534
0.009193
0.009862
0.010543
0.011234
0.011937
0.012650
0.013375
0.014111
0.014857
0.015615
0.016383
0.017163
0.017953
0.018754
0.019566
0.020389
0.021223
0.022067
0.022923
0.023789
0.024666
0.025553
0.026451
0.027360
0.028280
0.029210
0.030151
0.031103
0.032065
0.033038
0.034021
0.035015
0.036019
0.037034
0.038059
0.039095
0.040141
0.041197
0.042264
0.043341
0.044429
0.045527
0.046635
0.047754
0.048882
0.050021
0.051170
0.052330
0.053499
0.054679
0.055869
0.057068
0.058278
0.059498
0.060728
0.061968
0.063218
0.064478
0.065747
0.067027
0.068316
0.069615
0.070925
0.072243
0.073572
0.074910
0.076258
0.077616
0.078983
0.080360
0.081747
0.083143
0.084548
0.085963
0.087388
0.088822
0.090265
0.091718
0.093180
0.094652
0.096133
0.097623
0.099122
0.100631
0.102148
0.103675
0.105211
0.106756
0.108310
0.109873
0.111446
0.113027
0.114617
0.116216
0.117824
0.119440
0.121066
0.122700
0.124343
0.125995
0.127655
0.129324
0.131002
0.132688
0.134383
0.136087
0.137798
0.139519
0.141247
0.142984
0.144730
0.146483
0.148245
0.150016
0.151794
0.153581
0.155375
0.157178
0.158989
0.160808
0.162635
0.164470
0.166312
0.168163
0.170022
0.171888
0.173762
0.175644
0.177534
0.179431
0.181336
0.183248
0.185168
0.187096
0.189030
0.190973
0.192923
0.194880
0.196844
0.198816
0.200795
0.202782
0.204775
0.206775
0.208783
0.210798
0.212820
0.214848
0.216884
0.218926
0.220976
0.223032
0.225095
0.227164
0.229241
0.231324
0.233413
0.235510
0.237612
0.239722
0.241837
0.243959
0.246088
0.248223
0.250364
0.252511
0.254664
0.256824
0.258990
0.261161
0.263339
0.265523
0.267713
0.269908
0.272110
0.274317
0.276530
0.278749
0.280974
0.283204
0.285440
0.287681
0.289928
0.292180
0.294438
0.296701
0.298969
0.301243
0.303522
0.305806
0.308095
0.310389
0.312689
0.314993
0.317303
0.319617
0.321937
0.324261
0.326590
0.328923
0.331262
0.333605
0.335952
0.338304
0.340661
0.343022
0.345388
0.347758
0.350132
0.352511
0.354894
0.357281
0.359672
0.362068
0.364467
0.366870
0.369278
0.371689
0.374104
0.376523
0.378946
0.381372
0.383803
0.386236
0.388674
0.391115
0.393559
0.396007
0.398458
0.400913
0.403371
0.405832
0.408297
0.410764
0.413235
0.415708
0.418185
0.420665
0.423148
0.425633
0.428121
0.430612
0.433106
0.435603
0.438102
0.440603
0.443108
0.445614
0.448124
0.450635
0.453149
0.455665
0.458183
0.460704
0.463227
0.465751
0.468278
0.470807
0.473338
0.475870
0.478405
0.480941
0.483479
0.486019
0.488560
0.491103
0.493648
0.496194
0.498741
0.501290
0.503840
0.506392
0.508945
0.511499
0.514054
0.516610
0.519167
0.521725
0.524285
0.526845
0.529406
0.531967
0.534530
0.537093
0.539657
0.542222
0.544787
0.547352
0.549918
0.552485
0.555051
0.557618
0.560186
0.562753
0.565321
0.567889
0.570457
0.573024
0.575592
0.578160
0.580728
0.583295
0.585862
0.588429
0.590995
0.593561
0.596127
0.598692
0.601257
0.603821
0.606384
0.608947
0.611509
0.614070
0.616630
0.619190
0.621748
0.624306
0.626862
0.629418
0.631972
0.634525
0.637077
0.639627
0.642176
0.644724
0.647270
0.649815
0.652359
0.654900
0.657440
0.659979
0.662516
0.665050
0.667584
0.670115
0.672644
0.675171
0.677697
0.680220
0.682741
0.685260
0.687776
0.690291
0.692803
0.695313
0.697820
0.700325
0.702827
0.705327
0.707824
0.710318
0.712810
0.715299
0.717785
0.720269
0.722749
0.725226
0.727701
0.730172
0.732641
0.735106
0.737568
0.740027
0.742482
0.744934
0.747383
0.749829
0.752270
0.754709
0.757144
0.759575
0.762002
0.764426
0.766846
0.769262
0.771675
0.774083
0.776488
0.778888
0.781285
0.783677
0.786066
0.788450
0.790830
0.793205
0.795577
0.797944
0.800306
0.802664
0.805018
0.807367
0.809711
0.812051
0.814386
0.816717
0.819042
0.821363
0.823679
0.825990
0.828296
0.830597
0.832893
0.835184
0.837470
0.839751
0.842026
0.844297
0.846562
0.848821
0.851075
0.853324
0.855567
0.857805
0.860037
0.862264
0.864484
0.866700
0.868909
0.871113
0.873311
0.875503
0.877689
0.879869
0.882043
0.884211
0.886373
0.888529
0.890679
0.892822
0.894959
0.897090
0.899215
0.901333
0.903445
0.905551
0.907650
0.909742
0.911828
0.913907
0.915980
0.918046
0.920105
0.922157
0.924203
0.926241
0.928273
0.930298
0.932316
0.934327
0.936331
0.938327
0.940317
0.942300
0.944275
0.946243
0.948204
0.950157
0.952103
0.954042
0.955973
0.957897
0.959813
0.961722
0.963623
0.965517
0.967403
0.969281
0.971151
0.973014
0.974869
0.976716
0.978556
0.980387
0.982210
0.984026
0.985833
0.987632
0.989424
0.991207
0.992982
0.994749
0.996508
0.998258
1.000000